91139
58146
11542
11543
11540
11541
11546
11547
11544
11545
89378
89379
11548
11549
5988
5989
19399
19398
5982
5983
5980
5981
5986
5987
5984
5985
82441
97479
49688
83899
88395
31736
88391
46139
82996
82999
46131
46130
53631
97152
28561
54544
270
19972
19971
273
274
275
276
277
278
279
16707
16706
16701
16700
16703
16702
88023
12019
12018
88025
12015
12014
12017
12016
12011
12010
12013
12012
17258
17259
100014
64677
100012
64671
100010
100011
17250
17251
17252
17253
17254
17255
17256
17257
63024
10709
10708
9258
9259
10703
9257
10701
10700
9252
9253
9250
9251
